scotland        141.545 0.211   300.281 232.26
northern-ireland        144.262 194.375 94.391  69.886
wales   232.459 301.868 99.6    118.099
london  508.259 311.826 141.741 105.174
south-east      357.658 373.267 126.865 92.914
east-england    402.283 326.822 90.494  88.224
east-midlands   354.814 292.059 85.458  94.123
yorkshire-and-humber    336.28  238.271 95.738  72.206
north-east      332.518 167.113 65.442  77.778
north-west      299.262 202.577 59.962  128.233
west-midlands   311.09  314.923 75.127  79.938
south-west      213.702 378.599 161.485 120.486
